{'loss': [0.0015022733714431524, 0.001160855288617313],
 'mae': [0.025526735931634903, 0.021010225638747215],
 'mse': [0.0015022733714431524, 0.001160855288617313],
 'val_loss': [0.0011625183979049325, 0.001159879146143794],
 'val_mae': [0.020874010398983955, 0.02101195976138115],
 'val_mse': [0.0011625183979049325, 0.001159879146143794]}
